array([[0. , 0. , 0. , 0. , 0. , 0. , 0. , 0. , 0. , 0. , 0. , 0. , 0. , 0. , 1.4, 1.4, 1.4],
       [0. , 0. , 0. , 0. , 0. , 0. , 0. , 0. , 0. , 0. , 0. , 0. , 0. , 0. , 1.4, 1.4, 1.4],
       [0. , 0. , 0. , 0. , 0. , 0. , 0. , 0. , 0. , 0. , 0. , 0. , 0. , 0. , 1.4, 1.4, 1.4],
       [0. , 0. , 0. , 0. , 0. , 0. , 0. , 0. , 0. , 0. , 0. , 0. , 0. , 0. , 1.4, 1.4, 1.4],
       [0. , 0. , 0. , 0. , 0. , 0. , 0. , 0. , 0. , 0. , 0. , 0. , 0. , 0. , 1.4, 1.4, 1.4],
       [0. , 0. , 0. , 0. , 0. , 0. , 0. , 0. , 0. , 0. , 0. , 0. , 0. , 0. , 1.4, 1.4, 1.4],
       [0. , 0. , 0. , 0. , 0. , 0. , 0. , 0. , 0. , 0. , 0. , 0. , 0. , 0. , 1.4, 1.4, 1.4],
       [0. , 0. , 0. , 0. , 0. , 0. , 0. , 0. , 0. , 0. , 0. , 0. , 0. , 0. , 1.4, 1.4, 1.4],
       [0. , 0. , 0. , 0. , 0. , 0. , 0. , 0. , 0. , 0. , 0. , 0. , 0. , 0. , 1.4, 1.4, 1.4],
       [0. , 0. , 0. , 0. , 0. , 0. , 0. , 0. , 0. , 0. , 0. , 0. , 0. , 0. , 1.4, 1.4, 1.4],
       [0. , 0. , 0. , 0. , 0. , 0. , 0. , 0. , 0. , 0. , 0. , 0. , 0. , 0. , 1.4, 1.4, 1.4],
       [0. , 0. , 0. , 0. , 0. , 0. , 0. , 0. , 0. , 0. , 0. , 0. , 0. , 0. , 1.4, 1.4, 1.4],
       [0. , 0. , 0. , 0. , 0. , 0. , 0. , 0. , 0. , 0. , 0. , 0. , 0. , 0. , 1.4, 1.4, 1.4],
       [0. , 0. , 0. , 0. , 0. , 0. , 0. , 0. , 0. , 0. , 0. , 0. , 0. , 0. , 1.4, 1.4, 1.4],
       [1.4, 1.4, 1.4, 1.4, 1.4, 1.4, 1.4, 1.4, 1.4, 1.4, 1.4, 1.4, 1.4, 1.4, 0. , 1.4, 1.4],
       [1.4, 1.4, 1.4, 1.4, 1.4, 1.4, 1.4, 1.4, 1.4, 1.4, 1.4, 1.4, 1.4, 1.4, 1.4, 0. , 0. ],
       [1.4, 1.4, 1.4, 1.4, 1.4, 1.4, 1.4, 1.4, 1.4, 1.4, 1.4, 1.4, 1.4, 1.4, 1.4, 0. , 0. ]])


	0    1    2    3    4    5    6    7    8    9    10   11   12   13   14   15   16
array([[0. , 0. , 0. , 0. , 0. , 0. , 0. , 0. , 0. , 0. , 0. , 0. , 0. , 0. , 0. , 0. , 0. ],0
       [0. , 0. , 0. , 0. , 0. , 0. , 0. , 0. , 0. , 0. , 0. , 0. , 0. , 0. , 0. , 0. , 0. ],1
       [0. , 0. , 0. , 0. , 0. , 0. , 0. , 0. , 0. , 0. , 0. , 0. , 0. , 0. , 0. , 0. , 0. ],2
       [0. , 0. , 0. , 0. , 0. , 0. , 0. , 0. , 0. , 0. , 0. , 0. , 0. , 0. , 0. , 0. , 0. ],3
       [0. , 0. , 0. , 0. , 0. , 0. , 0. , 0. , 0. , 0. , 0. , 0. , 0. , 0. , 0. , 0. , 0. ],4
       [0. , 0. , 0. , 0. , 0. , 0. , 0. , 0. , 0. , 0. , 0. , 0. , 0. , 0. , 0. , 0. , 0. ],5
       [0. , 0. , 0. , 0. , 0. , 0. , 0. , 0. , 0. , 0. , 0. , 0. , 0. , 0. , 0. , 0. , 0. ],6
       [0. , 0. , 0. , 0. , 0. , 0. , 0. , 0. , 0. , 0. , 0. , 0. , 0. , 0. , 0. , 0. , 0. ],7
       [0. , 0. , 0. , 0. , 0. , 0. , 0. , 0. , 0. , 0. , 0. , 0. , 0. , 0. , 0. , 0. , 0. ],8
       [0. , 0. , 0. , 0. , 0. , 0. , 0. , 0. , 0. , 0. , 0. , 0. , 0. , 0. , 0. , 0. , 0. ],9
       [0. , 0. , 0. , 0. , 0. , 0. , 0. , 0. , 0. , 0. , 0. , 0. , 0. , 0. , 0. , 0. , 0. ],10
       [0. , 0. , 0. , 0. , 0. , 0. , 0. , 0. , 0. , 0. , 0. , 0. , 0. , 0. , 0. , 0. , 0. ],11
       [0. , 0. , 0. , 0. , 0. , 0. , 0. , 0. , 0. , 0. , 0. , 0. , 0. , 0. , 1. , 0. , 0. ],12
       [0. , 0. , 0. , 0. , 0. , 0. , 0. , 0. , 0. , 0. , 0. , 0. , 0. , 0. , 0. , 0. , 0. ],13
       [0. , 0. , 0. , 0. , 0. , 0. , 0. , 0. , 0. , 0. , 0. , 0. , 0.3, 0. , 0. , 0.3, 0.3],14
       [0. , 0. , 0. , 0. , 0. , 0. , 0. , 0. , 0. , 0. , 0. , 0. , 0. , 0. , 1. , 0. , 0. ],15
       [0. , 0. , 0. , 0. , 0. , 0. , 0. , 0. , 0. , 0. , 0. , 0. , 0. , 0. , 1. , 0. , 0. ]])16

	0     1     2     3     4     5     6     7     8     9     10    11    12    13    14    15    16
array([[0.  , 0.5 , 0.  , 0.  , 0.  , 0.5 , 0.  , 0.  , 0.  , 0.  , 0.  , 0.  , 0.  , 0.  , 0.  , 0.  , 0.  ],
       [0.5 , 0.  , 0.5 , 0.  , 0.  , 0.  , 0.  , 0.  , 0.  , 0.  , 0.  , 0.  , 0.  , 0.  , 0.  , 0.  , 0.  ],
       [0.  , 0.5 , 0.  , 0.5 , 0.  , 0.  , 0.  , 0.  , 0.  , 0.  , 0.  , 0.  , 0.  , 0.  , 0.  , 0.  , 0.  ],
       [0.  , 0.  , 0.33, 0.  , 0.33, 0.  , 0.  , 0.  , 0.  , 0.33, 0.  , 0.  , 0.  , 0.  , 0.  , 0.  , 0.  ],
       [0.  , 0.  , 0.  , 0.33, 0.  , 0.33, 0.33, 0.  , 0.  , 0.  , 0.  , 0.  , 0.  , 0.  , 0.  , 0.  , 0.  ],
       [0.5 , 0.  , 0.  , 0.  , 0.5 , 0.  , 0.  , 0.  , 0.  , 0.  , 0.  , 0.  , 0.  , 0.  , 0.  , 0.  , 0.  ],
       [0.  , 0.  , 0.  , 0.  , 0.5 , 0.  , 0.  , 0.5 , 0.  , 0.  , 0.  , 0.  , 0.  , 0.  , 0.  , 0.  , 0.  ],
       [0.  , 0.  , 0.  , 0.  , 0.  , 0.  , 0.5 , 0.  , 0.5 , 0.  , 0.  , 0.  , 0.  , 0.  , 0.  , 0.  , 0.  ],
       [0.  , 0.  , 0.  , 0.  , 0.  , 0.  , 0.  , 0.33, 0.  , 0.33, 0.  , 0.  , 0.  , 0.33, 0.  , 0.  , 0.  ],
       [0.  , 0.  , 0.  , 0.33, 0.  , 0.  , 0.  , 0.  , 0.33, 0.  , 0.33, 0.  , 0.  , 0.  , 0.  , 0.  , 0.  ],
       [0.  , 0.  , 0.  , 0.  , 0.  , 0.  , 0.  , 0.  , 0.  , 0.5 , 0.  , 0.5 , 0.  , 0.  , 0.  , 0.  , 0.  ],
       [0.  , 0.  , 0.  , 0.  , 0.  , 0.  , 0.  , 0.  , 0.  , 0.  , 0.5 , 0.  , 0.5 , 0.  , 0.  , 0.  , 0.  ],
       [0.  , 0.  , 0.  , 0.  , 0.  , 0.  , 0.  , 0.  , 0.  , 0.  , 0.  , 0.  , 0.  , 0.  , 1.  , 0.  , 0.  ],
       [0.  , 0.  , 0.  , 0.  , 0.  , 0.  , 0.  , 0.  , 0.5 , 0.  , 0.  , 0.  , 0.5 , 0.  , 0.  , 0.  , 0.  ],
       [0.  , 0.  , 0.  , 0.  , 0.  , 0.  , 0.  , 0.  , 0.  , 0.  , 0.  , 0.  , 0.3 , 0.  , 0.  , 0.3 , 0.3 ],
       [0.  , 0.  , 0.  , 0.  , 0.  , 0.  , 0.  , 0.  , 0.  , 0.  , 0.  , 0.  , 0.  , 0.  , 1.  , 0.  , 0.  ],
       [0.  , 0.  , 0.  , 0.  , 0.  , 0.  , 0.  , 0.  , 0.  , 0.  , 0.  , 0.  , 0.  , 0.  , 1.  , 0.  , 0.  ]])


	   0      1      2      3      4      5      6      7      8      9      10     11     12     13     14     15     16
array([[-264.,   -3.,  -37.,  -97.,  -90.,  -25.,   -9.,    9.,   12.,   10.,    0.,    0.,   -6.,    0.,    0.,    0.,    0.], 0
       [   4., -264.,  -18.,  -60.,  -46.,   -3.,  -19.,    6.,  -16.,  -34.,  -13.,    3.,   -6.,   -3.,   -6.,    0.,    0.], 1
       [  37.,   18., -264.,  -92.,  -39.,  -10.,    4.,   13.,  -13.,  -22.,    6.,    3.,  -15.,   -3.,  -25.,    0.,   -3.], 2
       [  97.,   61.,   93., -264.,   29.,   34.,   55.,   61.,   16.,    6.,   27.,   29.,  -35.,    7.,  -22.,   -6.,   -3.], 3
       [  90.,   46.,   39.,  -29., -264.,   46.,   84.,   50.,   19.,  -16.,   22.,  -13.,  -12.,   16.,   -6.,    0.,   -6.], 4
       [  26.,    3.,   10.,  -34.,  -46., -264.,  -26.,   16.,  -22.,  -13.,    9.,   -6.,    0.,   -3.,   -6.,    0.,    0.], 5
       [   9.,   19.,   -4.,  -54.,  -83.,   26., -264.,   -9.,  -17.,  -28.,    0.,   -6.,  -25.,  -44.,  -31.,   -6.,   -6.], 6
       [  -9.,   -6.,  -13.,  -61.,  -50.,  -16.,   10., -264., -103.,  -67.,  -10.,   -3.,  -60.,   -2.,  -38.,  -43.,  -25.], 7 
       [ -12.,   16.,   13.,  -16.,  -19.,   22.,   17.,  104., -264.,  -24.,    4.,  -12., -113.,   -8., -102.,  -47.,  -25.], 8
       [ -10.,   34.,   22.,   -5.,   16.,   13.,   28.,   68.,   24., -264.,   62.,   37.,  -92.,   29.,  -85.,  -37.,  -28.], 9
       [   0.,   13.,   -6.,  -26.,  -22.,   -9.,    0.,   10.,   -3.,  -61., -264.,  -74., -129.,   -6., -108.,  -50.,  -66.], 10
       [   0.,   -3.,   -3.,  -29.,   13.,    6.,    6.,    3.,   12.,  -37.,   75., -264., -264.,  -16., -235., -164., -153.], 11
       [   6.,    6.,   15.,   35.,   13.,    0.,   25.,   60.,  113.,   92.,  129.,  265., -264.,  224.,  -82.,  -15.,   27.], 12
       [   0.,    3.,    3.,   -6.,  -16.,    3.,   44.,    2.,    9.,  -29.,    6.,   16., -224., -264., -202., -130., -138.], 13
       [   0.,    6.,   25.,   22.,    6.,    6.,   31.,   38.,  102.,   85.,  109.,  235.,   82.,  203., -264.,   78.,   54.], 14 
       [   0.,    0.,    0.,    6.,    0.,    0.,    6.,   43.,   47.,   37.,   50.,  164.,   15.,  130.,  -77., -264.,   26.], 15
       [   0.,    0.,    3.,    3.,    6.,    0.,    6.,   25.,   25.,   28.,   66.,  153.,  -27.,  139.,  -53.,  -25., -264.]])16

[[8.00000000e-01 3.94052974e+04 2.75654208e+04 2.82564430e+04   2.51696208e+04 2.96838068e+04 1.73019430e+04 1.46525111e-02
  5.39035760e-03 1.46525111e-02 5.39035760e-03 1.98300174e-03   7.29505572e-04 1.98300174e-03 2.68370102e-04 9.87278433e-05
  9.87278433e-05] 
 [3.94052974e+04 8.00000000e-01 9.76849430e+03 6.88215827e+03
  3.98296547e-02 1.08268227e-01 1.46525111e-02 5.39035760e-03
  1.46525111e-02 3.98296547e-02 1.46525111e-02 5.39035760e-03
  1.98300174e-03 5.39035760e-03 7.29505572e-04 2.68370102e-04
  2.68370102e-04]
 [2.75654208e+04 9.76849430e+03 8.00000000e-01 5.89474286e+01
  1.08268227e-01 3.98296547e-02 3.98296547e-02 1.46525111e-02
  3.98296547e-02 1.08268227e-01 3.98296547e-02 1.46525111e-02
  5.39035760e-03 1.46525111e-02 1.98300174e-03 7.29505572e-04
  7.29505572e-04]
 [2.82564430e+04 6.88215827e+03 5.89474286e+01 8.00000000e-01
  2.94303553e-01 1.08268227e-01 1.08268227e-01 3.98296547e-02
  1.08268227e-01 2.94303553e-01 1.08268227e-01 3.98296547e-02
  1.46525111e-02 3.98296547e-02 5.39035760e-03 1.98300174e-03
  1.98300174e-03]
 [2.51696208e+04 3.98296547e-02 1.08268227e-01 2.94303553e-01
  8.00000000e-01 3.18297429e+02 7.35372429e+02 1.08268227e-01
  3.98296547e-02 1.08268227e-01 3.98296547e-02 1.46525111e-02
  5.39035760e-03 1.46525111e-02 1.98300174e-03 7.29505572e-04
  7.29505572e-04]
 [2.96838068e+04 1.08268227e-01 3.98296547e-02 1.08268227e-01
  3.18297429e+02 8.00000000e-01 4.56120768e+02 3.98296547e-02
  1.46525111e-02 3.98296547e-02 1.46525111e-02 5.39035760e-03
  1.98300174e-03 5.39035760e-03 7.29505572e-04 2.68370102e-04
  2.68370102e-04]
 [1.73019430e+04 1.46525111e-02 3.98296547e-02 1.08268227e-01
  7.35372429e+02 4.56120768e+02 8.00000000e-01 2.94303553e-01
  1.08268227e-01 3.98296547e-02 1.46525111e-02 5.39035760e-03
  1.46525111e-02 3.98296547e-02 5.39035760e-03 1.98300174e-03
  1.98300174e-03]
 [1.46525111e-02 5.39035760e-03 1.46525111e-02 3.98296547e-02
  1.08268227e-01 3.98296547e-02 2.94303553e-01 8.00000000e-01
  1.62595474e+04 1.21207682e+01 1.16679547e+01 1.20902715e+03
  4.68754430e+04 5.84281583e+04 3.52452715e+03 7.68805390e+02
  4.96178904e+01]
 [5.39035760e-03 1.46525111e-02 3.98296547e-02 1.08268227e-01
  3.98296547e-02 1.46525111e-02 1.08268227e-01 1.62595474e+04
  8.00000000e-01 1.07247429e+02 4.81582682e+01 4.32489830e+02
  3.10079208e+04 3.01479068e+04 1.61880898e+04 3.16027153e+02
  1.49646465e+03]
 [1.46525111e-02 3.98296547e-02 1.08268227e-01 2.94303553e-01
  1.08268227e-01 3.98296547e-02 3.98296547e-02 1.21207682e+01
  1.07247429e+02 8.00000000e-01 1.20175474e+04 2.83129208e+04
  2.23112398e+04 1.12920768e+02 8.38452715e+03 1.02383515e+02
  1.08835154e+01]
 [5.39035760e-03 1.46525111e-02 3.98296547e-02 1.08268227e-01
  3.98296547e-02 1.46525111e-02 1.46525111e-02 1.16679547e+01
  4.81582682e+01 1.20175474e+04 8.00000000e-01 2.18794068e+04
  2.76397208e+04 1.24035233e+03 1.53596930e+04 1.08127153e+02
  1.05271525e+01]
 [1.98300174e-03 5.39035760e-03 1.46525111e-02 3.98296547e-02
  1.46525111e-02 5.39035760e-03 5.39035760e-03 1.20902715e+03
  4.32489830e+02 2.83129208e+04 2.18794068e+04 8.00000000e-01
  3.32930943e+04 2.20510827e+03 2.66086208e+04 4.20898297e+01
  5.96817955e+02]
 [7.29505572e-04 1.98300174e-03 5.39035760e-03 1.46525111e-02
  5.39035760e-03 1.98300174e-03 1.46525111e-02 4.68754430e+04
  3.10079208e+04 2.23112398e+04 2.76397208e+04 3.32930943e+04
  8.00000000e-01 2.61006068e+04 3.34447429e+02 5.92961583e+04
  6.57232208e+04]
 [1.98300174e-03 5.39035760e-03 1.46525111e-02 3.98296547e-02
  1.46525111e-02 5.39035760e-03 3.98296547e-02 5.84281583e+04
  3.01479068e+04 1.12920768e+02 1.24035233e+03 2.20510827e+03
  2.61006068e+04 8.00000000e-01 3.02254208e+04 3.89208983e+03
  3.62481795e+03]
 [2.68370102e-04 7.29505572e-04 1.98300174e-03 5.39035760e-03
  1.98300174e-03 7.29505572e-04 5.39035760e-03 3.52452715e+03
  1.61880898e+04 8.38452715e+03 1.53596930e+04 2.66086208e+04
  3.34447429e+02 3.02254208e+04 8.00000000e-01 5.60214068e+04
  4.32918068e+04]
 [9.87278433e-05 2.68370102e-04 7.29505572e-04 1.98300174e-03
  7.29505572e-04 2.68370102e-04 1.98300174e-03 7.68805390e+02
  3.16027153e+02 1.02383515e+02 1.08127153e+02 4.20898297e+01
  5.92961583e+04 3.89208983e+03 5.60214068e+04 8.00000000e-01
  2.20768227e-01]
 [9.87278433e-05 2.68370102e-04 7.29505572e-04 1.98300174e-03
  7.29505572e-04 2.68370102e-04 1.98300174e-03 4.96178904e+01
  1.49646465e+03 1.08835154e+01 1.05271525e+01 5.96817955e+02
  6.57232208e+04 3.62481795e+03 4.32918068e+04 2.20768227e-01
  8.00000000e-01]]




