{
 "cells": [
  {
   "cell_type": "code",
   "execution_count": 1,
   "metadata": {},
   "outputs": [],
   "source": [
    "import sys\n",
    "# caution: path[0] is reserved for script path (or '' in REPL)\n",
    "sys.path.insert(1, '../src')\n",
    "\n",
    "%load_ext autoreload\n",
    "%autoreload 2\n",
    "\n",
    "import torch\n",
    "import torch_geometric\n",
    "import networkx as nx\n",
    "import numpy as np\n",
    "import matplotlib.pyplot as plt\n",
    "\n",
    "from torch_geometric.datasets import TUDataset\n",
    "from preprocessing import data_transformation\n",
    "from similarity import calculate_similarity_matrix\n",
    "\n",
    "from model import GCN"
   ]
  },
  {
   "cell_type": "code",
   "execution_count": 2,
   "metadata": {},
   "outputs": [],
   "source": [
    "dataset = TUDataset(root=\"/\", name=\"MUTAG\")"
   ]
  },
  {
   "cell_type": "markdown",
   "metadata": {},
   "source": [
    "## Preprocessing"
   ]
  },
  {
   "cell_type": "markdown",
   "metadata": {},
   "source": [
    "#### Split: Train test validation"
   ]
  },
  {
   "cell_type": "markdown",
   "metadata": {},
   "source": [
    "```train_dataset```: for training model<br/>\n",
    "```val_dataset```: evaluate model for hyperparameter tunning<br/>\n",
    "```test_dataset```: testing model after complete training<br/>"
   ]
  },
  {
   "cell_type": "code",
   "execution_count": 3,
   "metadata": {},
   "outputs": [],
   "source": [
    "from torch_geometric.loader import DataLoader\n",
    "from torch_geometric.data import Data"
   ]
  },
  {
   "cell_type": "code",
   "execution_count": 4,
   "metadata": {},
   "outputs": [],
   "source": [
    "tr, ts, vl = 0.8, 0.1, 0.1\n",
    "dslen = len(dataset)\n",
    "tri = round(tr*dslen)\n",
    "tsi = round((tr+ts)*dslen)\n",
    "train_dataset = dataset[:tri]\n",
    "test_dataset = dataset[tri:tsi]\n",
    "val_dataset = dataset[tsi:]"
   ]
  },
  {
   "cell_type": "code",
   "execution_count": 5,
   "metadata": {},
   "outputs": [
    {
     "data": {
      "text/plain": [
       "tensor([1, 0, 0, 1, 0, 1, 0, 1, 0, 1, 1, 1, 1, 0, 1, 1, 0, 1, 0, 1, 1, 1, 1, 1,\n",
       "        1, 1, 1, 1, 1, 1, 1, 1, 1, 0, 1, 0, 1, 0, 0, 0, 1, 0, 1, 1, 1, 1, 1, 1,\n",
       "        1, 1, 1, 1, 1, 1, 0, 1, 1, 1, 1, 1, 1, 0, 1, 1, 0, 0, 1, 1, 1, 0, 1, 1,\n",
       "        0, 1, 1, 0, 0, 0, 1, 1, 1, 1, 1, 0, 1, 1, 1, 0, 0, 1, 1, 1, 1, 1, 1, 1,\n",
       "        1, 0, 1, 0, 1, 1, 1, 1, 1, 1, 1, 1, 1, 0, 0, 1, 0, 0, 1, 0, 1, 1, 0, 0,\n",
       "        1, 1, 0, 0, 1, 1, 1, 1, 0, 0, 0, 0, 0, 1, 0, 1, 1, 0, 0, 1, 0, 0, 0, 0,\n",
       "        1, 1, 0, 1, 1, 0, 1, 1, 1, 0, 0, 0, 1, 1, 1, 0, 1, 1, 1, 1, 1, 1, 1, 0,\n",
       "        1, 1, 1, 1, 1, 1, 0, 1, 1, 1, 0, 1, 0, 0, 1, 1, 0, 0, 1, 0])"
      ]
     },
     "execution_count": 5,
     "metadata": {},
     "output_type": "execute_result"
    }
   ],
   "source": [
    "dataset.y"
   ]
  },
  {
   "cell_type": "code",
   "execution_count": 6,
   "metadata": {},
   "outputs": [
    {
     "name": "stdout",
     "output_type": "stream",
     "text": [
      "150\n"
     ]
    },
    {
     "data": {
      "text/plain": [
       "tensor([1, 0, 0, 1, 0, 1, 0, 1, 0, 1, 1, 1, 1, 0, 1, 1, 0, 1, 0, 1, 1, 1, 1, 1,\n",
       "        1, 1, 1, 1, 1, 1, 1, 1, 1, 0, 1, 0, 1, 0, 0, 0, 1, 0, 1, 1, 1, 1, 1, 1,\n",
       "        1, 1, 1, 1, 1, 1, 0, 1, 1, 1, 1, 1, 1, 0, 1, 1, 0, 0, 1, 1, 1, 0, 1, 1,\n",
       "        0, 1, 1, 0, 0, 0, 1, 1, 1, 1, 1, 0, 1, 1, 1, 0, 0, 1, 1, 1, 1, 1, 1, 1,\n",
       "        1, 0, 1, 0, 1, 1, 1, 1, 1, 1, 1, 1, 1, 0, 0, 1, 0, 0, 1, 0, 1, 1, 0, 0,\n",
       "        1, 1, 0, 0, 1, 1, 1, 1, 0, 0, 0, 0, 0, 1, 0, 1, 1, 0, 0, 1, 0, 0, 0, 0,\n",
       "        1, 1, 0, 1, 1, 0])"
      ]
     },
     "execution_count": 6,
     "metadata": {},
     "output_type": "execute_result"
    }
   ],
   "source": [
    "print(len(train_dataset))\n",
    "train_dataset.y"
   ]
  },
  {
   "cell_type": "code",
   "execution_count": 7,
   "metadata": {},
   "outputs": [
    {
     "data": {
      "text/plain": [
       "tensor([1, 1, 1, 0, 0, 0, 1, 1, 1, 0, 1, 1, 1, 1, 1, 1, 1, 0, 1])"
      ]
     },
     "execution_count": 7,
     "metadata": {},
     "output_type": "execute_result"
    }
   ],
   "source": [
    "len(test_dataset)\n",
    "test_dataset.y"
   ]
  },
  {
   "cell_type": "code",
   "execution_count": 8,
   "metadata": {},
   "outputs": [
    {
     "data": {
      "text/plain": [
       "tensor([1, 1, 1, 1, 1, 0, 1, 1, 1, 0, 1, 0, 0, 1, 1, 0, 0, 1, 0])"
      ]
     },
     "execution_count": 8,
     "metadata": {},
     "output_type": "execute_result"
    }
   ],
   "source": [
    "len(val_dataset)\n",
    "val_dataset.y"
   ]
  },
  {
   "cell_type": "markdown",
   "metadata": {},
   "source": [
    "#### Batching"
   ]
  },
  {
   "cell_type": "code",
   "execution_count": 10,
   "metadata": {},
   "outputs": [],
   "source": [
    "# paper 128\n",
    "batch_size = 128\n",
    "\n",
    "train_loader = DataLoader(train_dataset, batch_size=batch_size, shuffle=False)\n",
    "val_loader = DataLoader(val_dataset, batch_size=batch_size, shuffle=False)\n",
    "test_loader = DataLoader(test_dataset, batch_size=batch_size, shuffle=False)"
   ]
  },
  {
   "cell_type": "code",
   "execution_count": 11,
   "metadata": {},
   "outputs": [
    {
     "name": "stdout",
     "output_type": "stream",
     "text": [
      "train loader\n",
      "tensor([1, 0, 0, 1, 0, 1, 0, 1, 0, 1, 1, 1, 1, 0, 1, 1, 0, 1, 0, 1, 1, 1, 1, 1,\n",
      "        1, 1, 1, 1, 1, 1, 1, 1, 1, 0, 1, 0, 1, 0, 0, 0, 1, 0, 1, 1, 1, 1, 1, 1,\n",
      "        1, 1, 1, 1, 1, 1, 0, 1, 1, 1, 1, 1, 1, 0, 1, 1, 0, 0, 1, 1, 1, 0, 1, 1,\n",
      "        0, 1, 1, 0, 0, 0, 1, 1, 1, 1, 1, 0, 1, 1, 1, 0, 0, 1, 1, 1, 1, 1, 1, 1,\n",
      "        1, 0, 1, 0, 1, 1, 1, 1, 1, 1, 1, 1, 1, 0, 0, 1, 0, 0, 1, 0, 1, 1, 0, 0,\n",
      "        1, 1, 0, 0, 1, 1, 1, 1])\n",
      "tensor([0, 0, 0, 0, 0, 1, 0, 1, 1, 0, 0, 1, 0, 0, 0, 0, 1, 1, 0, 1, 1, 0])\n",
      "val loader\n",
      "tensor([1, 1, 1, 1, 1, 0, 1, 1, 1, 0, 1, 0, 0, 1, 1, 0, 0, 1, 0])\n",
      "test loader\n",
      "tensor([1, 1, 1, 0, 0, 0, 1, 1, 1, 0, 1, 1, 1, 1, 1, 1, 1, 0, 1])\n"
     ]
    }
   ],
   "source": [
    "print('train loader')\n",
    "for data in train_loader:\n",
    "    print(data.y)\n",
    "    \n",
    "print('val loader')\n",
    "for data in val_loader:\n",
    "    print(data.y)\n",
    "    \n",
    "print('test loader')\n",
    "for data in test_loader:\n",
    "    print(data.y)"
   ]
  },
  {
   "cell_type": "markdown",
   "metadata": {},
   "source": [
    "## Building Model"
   ]
  },
  {
   "cell_type": "code",
   "execution_count": 12,
   "metadata": {},
   "outputs": [],
   "source": [
    "from torch_geometric.nn import GCNConv\n",
    "from torch.nn import Linear\n",
    "\n",
    "from torch_geometric.nn import global_mean_pool\n",
    "from torch_geometric.nn import global_add_pool"
   ]
  },
  {
   "cell_type": "markdown",
   "metadata": {},
   "source": [
    "### Base model"
   ]
  },
  {
   "cell_type": "code",
   "execution_count": 13,
   "metadata": {},
   "outputs": [],
   "source": [
    "class Base(torch.nn.Module):\n",
    "    # merging type: o --> complement only, s --> substraction, c --> concatenation\n",
    "    def __init__(self, dataset, hidden_channels):\n",
    "        super(Base, self).__init__()\n",
    "        \n",
    "        # weight seed\n",
    "        torch.manual_seed(42)\n",
    "        self.conv1 = GCNConv(dataset.num_node_features, hidden_channels)\n",
    "        self.conv2 = GCNConv(hidden_channels, hidden_channels)\n",
    "        self.conv3 = GCNConv(hidden_channels, hidden_channels)\n",
    "        # classification layer\n",
    "        \n",
    "        self.lin = Linear(hidden_channels, hidden_channels)\n",
    "        self.lin2 = Linear(hidden_channels, dataset.num_classes)\n",
    "\n",
    "    def forward(self, x, edge_index, batch):\n",
    "        # Embed original\n",
    "        embedding = self.conv1(x, edge_index)\n",
    "        embedding = embedding.relu()\n",
    "        embedding = self.conv2(embedding, edge_index)\n",
    "        embedding = embedding.relu()\n",
    "        embedding = self.conv3(embedding, edge_index)\n",
    "        embedding = embedding.relu()\n",
    "        # subgraph_embedding = subgraph_embedding.relu()\n",
    "        \n",
    "        embedding = global_mean_pool(embedding, batch)\n",
    "        h = self.lin(embedding)\n",
    "        h = h.relu()\n",
    "        h = self.lin2(h)\n",
    "        \n",
    "        return embedding, h"
   ]
  },
  {
   "cell_type": "code",
   "execution_count": 15,
   "metadata": {},
   "outputs": [
    {
     "data": {
      "text/plain": [
       "Base(\n",
       "  (conv1): GCNConv(7, 64)\n",
       "  (conv2): GCNConv(64, 64)\n",
       "  (conv3): GCNConv(64, 64)\n",
       "  (lin): Linear(in_features=64, out_features=64, bias=True)\n",
       "  (lin2): Linear(in_features=64, out_features=2, bias=True)\n",
       ")"
      ]
     },
     "execution_count": 15,
     "metadata": {},
     "output_type": "execute_result"
    }
   ],
   "source": [
    "base = Base(dataset, 64)\n",
    "base"
   ]
  },
  {
   "cell_type": "code",
   "execution_count": 16,
   "metadata": {},
   "outputs": [
    {
     "data": {
      "text/plain": [
       "tensor(3.1258, grad_fn=<NllLossBackward0>)"
      ]
     },
     "execution_count": 16,
     "metadata": {},
     "output_type": "execute_result"
    }
   ],
   "source": [
    "def train_base(model, loader, experiment_mode=False):\n",
    "    criterion = torch.nn.CrossEntropyLoss()\n",
    "    optimizer = torch.optim.Adam(model.parameters(), lr=0.05)\n",
    "    \n",
    "    model.train()\n",
    "    \n",
    "    for data in loader:\n",
    "        if experiment_mode:\n",
    "            emb, h = model(data.x, data.edge_index, data.batch, data.ptr)\n",
    "        else:\n",
    "            emb, h = model(data.x, data.edge_index, data.batch)\n",
    "        loss = criterion(h, data.y)\n",
    "        loss.backward()\n",
    "        optimizer.step()\n",
    "        optimizer.zero_grad()\n",
    "    return loss\n",
    "    #     print(h[0])\n",
    "    # print(loss)\n",
    "\n",
    "@torch.no_grad()\n",
    "def test_base(model, loader, experiment_mode=False):\n",
    "    model.eval()\n",
    "    correct = 0\n",
    "    for data in loader:\n",
    "        if experiment_mode:\n",
    "            emb, h = model(data.x, data.edge_index, data.batch, data.ptr)\n",
    "        else:\n",
    "            emb, h = model(data.x, data.edge_index, data.batch)\n",
    "        pred = h.argmax(dim=1)\n",
    "        correct += int((pred == data.y).sum())\n",
    "    return correct/len(loader.dataset)\n",
    "\n",
    "base = Base(dataset, 64)\n",
    "train_base(base, train_loader)"
   ]
  },
  {
   "cell_type": "code",
   "execution_count": 18,
   "metadata": {},
   "outputs": [
    {
     "name": "stdout",
     "output_type": "stream",
     "text": [
      "epoch 0; loss: 0.83; train_acc: 0.66; test_acc: 0.63\n",
      "epoch 1; loss: 1.33; train_acc: 0.66; test_acc: 0.63\n",
      "epoch 2; loss: 1.77; train_acc: 0.66; test_acc: 0.63\n",
      "epoch 3; loss: 0.97; train_acc: 0.66; test_acc: 0.63\n",
      "epoch 4; loss: 1.45; train_acc: 0.66; test_acc: 0.63\n",
      "epoch 5; loss: 1.67; train_acc: 0.66; test_acc: 0.63\n",
      "epoch 6; loss: 0.76; train_acc: 0.66; test_acc: 0.63\n",
      "epoch 7; loss: 0.76; train_acc: 0.66; test_acc: 0.63\n",
      "epoch 8; loss: 0.79; train_acc: 0.66; test_acc: 0.63\n",
      "epoch 9; loss: 0.81; train_acc: 0.66; test_acc: 0.63\n",
      "epoch 10; loss: 0.91; train_acc: 0.66; test_acc: 0.63\n",
      "epoch 11; loss: 1.03; train_acc: 0.66; test_acc: 0.63\n",
      "epoch 12; loss: 1.21; train_acc: 0.66; test_acc: 0.63\n",
      "epoch 13; loss: 1.1; train_acc: 0.66; test_acc: 0.63\n",
      "epoch 14; loss: 1.38; train_acc: 0.66; test_acc: 0.63\n",
      "epoch 15; loss: 1.09; train_acc: 0.66; test_acc: 0.63\n",
      "epoch 16; loss: 1.54; train_acc: 0.66; test_acc: 0.63\n",
      "epoch 17; loss: 2.34; train_acc: 0.66; test_acc: 0.63\n",
      "epoch 18; loss: 0.72; train_acc: 0.34; test_acc: 0.37\n",
      "epoch 19; loss: 0.72; train_acc: 0.66; test_acc: 0.63\n",
      "epoch 20; loss: 0.75; train_acc: 0.66; test_acc: 0.63\n",
      "epoch 21; loss: 0.78; train_acc: 0.66; test_acc: 0.63\n",
      "epoch 22; loss: 0.85; train_acc: 0.66; test_acc: 0.63\n",
      "epoch 23; loss: 1.05; train_acc: 0.66; test_acc: 0.63\n",
      "epoch 24; loss: 1.21; train_acc: 0.66; test_acc: 0.63\n",
      "epoch 25; loss: 1.64; train_acc: 0.66; test_acc: 0.63\n",
      "epoch 26; loss: 0.77; train_acc: 0.66; test_acc: 0.63\n",
      "epoch 27; loss: 0.78; train_acc: 0.66; test_acc: 0.63\n",
      "epoch 28; loss: 0.9; train_acc: 0.66; test_acc: 0.63\n",
      "epoch 29; loss: 1.22; train_acc: 0.66; test_acc: 0.63\n",
      "epoch 30; loss: 1.78; train_acc: 0.66; test_acc: 0.63\n",
      "epoch 31; loss: 0.77; train_acc: 0.66; test_acc: 0.63\n",
      "epoch 32; loss: 0.78; train_acc: 0.66; test_acc: 0.63\n",
      "epoch 33; loss: 0.88; train_acc: 0.66; test_acc: 0.63\n",
      "epoch 34; loss: 1.78; train_acc: 0.66; test_acc: 0.63\n",
      "epoch 35; loss: 2.83; train_acc: 0.66; test_acc: 0.63\n",
      "epoch 36; loss: 0.7; train_acc: 0.34; test_acc: 0.37\n",
      "epoch 37; loss: 0.71; train_acc: 0.66; test_acc: 0.63\n",
      "epoch 38; loss: 1.73; train_acc: 0.66; test_acc: 0.63\n",
      "epoch 39; loss: 0.71; train_acc: 0.35; test_acc: 0.37\n",
      "epoch 40; loss: 0.71; train_acc: 0.66; test_acc: 0.63\n",
      "epoch 41; loss: 0.69; train_acc: 0.35; test_acc: 0.37\n",
      "epoch 42; loss: 0.67; train_acc: 0.66; test_acc: 0.63\n",
      "epoch 43; loss: 0.67; train_acc: 0.35; test_acc: 0.37\n",
      "epoch 44; loss: 0.62; train_acc: 0.67; test_acc: 0.63\n",
      "epoch 45; loss: 0.65; train_acc: 0.35; test_acc: 0.37\n",
      "epoch 46; loss: 0.63; train_acc: 0.45; test_acc: 0.37\n",
      "epoch 47; loss: 1.39; train_acc: 0.75; test_acc: 0.74\n",
      "epoch 48; loss: 0.66; train_acc: 0.35; test_acc: 0.37\n",
      "epoch 49; loss: 0.66; train_acc: 0.75; test_acc: 0.74\n",
      "Accuracy: 0.7368421052631579\n"
     ]
    }
   ],
   "source": [
    "epoch = 50\n",
    "\n",
    "base = Base(dataset, 128)\n",
    "train_base(base, train_loader)\n",
    "\n",
    "# Train\n",
    "for _ in range(epoch):\n",
    "    loss = round(train_base(base, train_loader).item(), 2)\n",
    "    train_acc = round(test_base(base, train_loader), 2)\n",
    "    val_acc = round(test_base(base, val_loader), 2)\n",
    "    \n",
    "    print(f'epoch {_}; loss: {loss}; train_acc: {train_acc}; test_acc: {val_acc}')\n",
    "\n",
    "# Test\n",
    "test = test_base(base, test_loader)\n",
    "print(f'Accuracy: {test}')"
   ]
  },
  {
   "cell_type": "markdown",
   "metadata": {},
   "source": [
    "### Experiment Model"
   ]
  },
  {
   "cell_type": "markdown",
   "metadata": {},
   "source": []
  },
  {
   "cell_type": "code",
   "execution_count": 19,
   "metadata": {},
   "outputs": [],
   "source": [
    "from sklearn.cluster import AffinityPropagation"
   ]
  },
  {
   "cell_type": "code",
   "execution_count": 20,
   "metadata": {},
   "outputs": [],
   "source": [
    "class Experiment(torch.nn.Module):\n",
    "    # merging type: o --> complement only, s --> substraction, c --> concatenation\n",
    "    def __init__(self, dataset, hidden_channels):\n",
    "        super(Experiment, self).__init__()\n",
    "        \n",
    "        # weight seed\n",
    "        torch.manual_seed(42)\n",
    "        self.conv1 = GCNConv(dataset.num_node_features, hidden_channels)\n",
    "        self.conv2 = GCNConv(hidden_channels, hidden_channels)\n",
    "        # classification layer\n",
    "        \n",
    "        self.lin = Linear(hidden_channels, hidden_channels)\n",
    "        self.lin2 = Linear(hidden_channels, dataset.num_classes)\n",
    "\n",
    "    def forward(self, x, edge_index, batch):\n",
    "        # Embed original\n",
    "        embedding = self.conv1(x, edge_index)\n",
    "        embedding = embedding.relu()\n",
    "        embedding = self.conv2(embedding, edge_index)\n",
    "        \n",
    "        # generate subgraph based on embeddings\n",
    "        feature_emb = embedding.detach()\n",
    "        G = data_transformation(edge_index, feature_emb)\n",
    "        S = calculate_similarity_matrix(G)\n",
    "        # clustering = AffinityPropagation(affinity='precomputed', random_state=123, max_iter=200).fit(S)\n",
    "        \n",
    "        embedding = global_mean_pool(embedding, batch)\n",
    "        h = self.lin(embedding)\n",
    "        h = h.relu()\n",
    "        h = self.lin2(h)\n",
    "        \n",
    "        return embedding, h\n",
    "\n",
    "    def data_transformation():\n",
    "        print('s')\n",
    "        \n",
    "\n",
    "\n",
    "experiment = Experiment(dataset, 64)\n",
    "# train_base(experiment, train_loader)"
   ]
  },
  {
   "cell_type": "code",
   "execution_count": 21,
   "metadata": {},
   "outputs": [
    {
     "name": "stdout",
     "output_type": "stream",
     "text": [
      "DataBatch(edge_index=[2, 5210], x=[2347, 7], edge_attr=[5210, 4], y=[128], batch=[2347], ptr=[129])\n",
      "tensor([  0,   0,   0,  ..., 127, 127, 127])\n",
      "edge_index tensor([[   0,    0,    1,  ..., 2345, 2346, 2346],\n",
      "        [   1,    5,    0,  ..., 2346, 2334, 2345]])\n",
      "batch tensor([[1., 0., 0., 0.],\n",
      "        [1., 0., 0., 0.],\n",
      "        [1., 0., 0., 0.],\n",
      "        ...,\n",
      "        [0., 0., 1., 0.],\n",
      "        [0., 1., 0., 0.],\n",
      "        [0., 0., 1., 0.]])\n",
      "ptr tensor([   0,   17,   30,   43,   62,   73,  101,  117,  137,  149,  166,  183,\n",
      "         203,  225,  238,  257,  279,  290,  307,  320,  338,  356,  373,  396,\n",
      "         423,  440,  453,  476,  493,  516,  539,  561,  585,  608,  621,  638,\n",
      "         652,  669,  684,  699,  712,  729,  742,  761,  778,  790,  813,  835,\n",
      "         852,  872,  888,  914,  940,  959,  978,  992, 1009, 1030, 1055, 1078,\n",
      "        1097, 1114, 1125, 1148, 1168, 1184, 1200, 1220, 1243, 1262, 1276, 1302,\n",
      "        1318, 1334, 1357, 1375, 1385, 1401, 1417, 1434, 1453, 1465, 1490, 1506,\n",
      "        1517, 1540, 1563, 1579, 1591, 1604, 1627, 1652, 1671, 1694, 1713, 1732,\n",
      "        1757, 1775, 1788, 1803, 1819, 1842, 1868, 1887, 1910, 1927, 1947, 1972,\n",
      "        1991, 2019, 2043, 2054, 2069, 2082, 2098, 2110, 2120, 2141, 2164, 2185,\n",
      "        2198, 2223, 2244, 2261, 2272, 2291, 2311, 2332, 2347])\n"
     ]
    }
   ],
   "source": [
    "batch1 = None\n",
    "for batch in train_loader:\n",
    "    batch1 = batch\n",
    "    break\n",
    "print(batch1)\n",
    "print(batch1.batch)\n",
    "print(\"edge_index\", batch1.edge_index)\n",
    "print(\"batch\",batch1.edge_attr)\n",
    "print(\"ptr\",batch1.ptr)"
   ]
  },
  {
   "cell_type": "code",
   "execution_count": 22,
   "metadata": {},
   "outputs": [
    {
     "name": "stdout",
     "output_type": "stream",
     "text": [
      "tensor(2346)\n",
      "tensor(2346)\n",
      "tensor([[ 0,  0,  1,  1,  2,  2,  3,  3,  3,  4,  4,  4,  5,  5,  6,  6,  7,  7,\n",
      "          8,  8,  8,  9,  9,  9, 10, 10, 11, 11, 12, 12, 12, 13, 13, 14, 14, 14,\n",
      "         15, 16],\n",
      "        [ 1,  5,  0,  2,  1,  3,  2,  4,  9,  3,  5,  6,  0,  4,  4,  7,  6,  8,\n",
      "          7,  9, 13,  3,  8, 10,  9, 11, 10, 12, 11, 13, 14,  8, 12, 12, 15, 16,\n",
      "         14, 14]])\n",
      "tensor([   0,   17,   30,   43,   62,   73,  101,  117,  137,  149,  166,  183,\n",
      "         203,  225,  238,  257,  279,  290,  307,  320,  338,  356,  373,  396,\n",
      "         423,  440,  453,  476,  493,  516,  539,  561,  585,  608,  621,  638,\n",
      "         652,  669,  684,  699,  712,  729,  742,  761,  778,  790,  813,  835,\n",
      "         852,  872,  888,  914,  940,  959,  978,  992, 1009, 1030, 1055, 1078,\n",
      "        1097, 1114, 1125, 1148, 1168, 1184, 1200, 1220, 1243, 1262, 1276, 1302,\n",
      "        1318, 1334, 1357, 1375, 1385, 1401, 1417, 1434, 1453, 1465, 1490, 1506,\n",
      "        1517, 1540, 1563, 1579, 1591, 1604, 1627, 1652, 1671, 1694, 1713, 1732,\n",
      "        1757, 1775, 1788, 1803, 1819, 1842, 1868, 1887, 1910, 1927, 1947, 1972,\n",
      "        1991, 2019, 2043, 2054, 2069, 2082, 2098, 2110, 2120, 2141, 2164, 2185,\n",
      "        2198, 2223, 2244, 2261, 2272, 2291, 2311, 2332, 2347]) ; len: 129\n"
     ]
    }
   ],
   "source": [
    "print(max(batch1.edge_index[0]))\n",
    "print(max(batch1.edge_index[1]))\n",
    "print((dataset[0].edge_index))\n",
    "print((batch1.ptr), '; len:', len(batch1.ptr))"
   ]
  },
  {
   "cell_type": "code",
   "execution_count": 23,
   "metadata": {},
   "outputs": [
    {
     "name": "stdout",
     "output_type": "stream",
     "text": [
      "0. 0 - 17\n",
      "1. 17 - 30\n",
      "2. 30 - 43\n",
      "3. 43 - 62\n",
      "4. 62 - 73\n",
      "5. 73 - 101\n",
      "6. 101 - 117\n",
      "7. 117 - 137\n",
      "8. 137 - 149\n",
      "9. 149 - 166\n",
      "10. 166 - 183\n",
      "11. 183 - 203\n",
      "12. 203 - 225\n",
      "13. 225 - 238\n",
      "14. 238 - 257\n",
      "15. 257 - 279\n",
      "16. 279 - 290\n",
      "17. 290 - 307\n",
      "18. 307 - 320\n",
      "19. 320 - 338\n",
      "20. 338 - 356\n",
      "21. 356 - 373\n",
      "22. 373 - 396\n",
      "23. 396 - 423\n",
      "24. 423 - 440\n",
      "25. 440 - 453\n",
      "26. 453 - 476\n",
      "27. 476 - 493\n",
      "28. 493 - 516\n",
      "29. 516 - 539\n",
      "30. 539 - 561\n",
      "31. 561 - 585\n",
      "32. 585 - 608\n",
      "33. 608 - 621\n",
      "34. 621 - 638\n",
      "35. 638 - 652\n",
      "36. 652 - 669\n",
      "37. 669 - 684\n",
      "38. 684 - 699\n",
      "39. 699 - 712\n",
      "40. 712 - 729\n",
      "41. 729 - 742\n",
      "42. 742 - 761\n",
      "43. 761 - 778\n",
      "44. 778 - 790\n",
      "45. 790 - 813\n",
      "46. 813 - 835\n",
      "47. 835 - 852\n",
      "48. 852 - 872\n",
      "49. 872 - 888\n",
      "50. 888 - 914\n",
      "51. 914 - 940\n",
      "52. 940 - 959\n",
      "53. 959 - 978\n",
      "54. 978 - 992\n",
      "55. 992 - 1009\n",
      "56. 1009 - 1030\n",
      "57. 1030 - 1055\n",
      "58. 1055 - 1078\n",
      "59. 1078 - 1097\n",
      "60. 1097 - 1114\n",
      "61. 1114 - 1125\n",
      "62. 1125 - 1148\n",
      "63. 1148 - 1168\n",
      "64. 1168 - 1184\n",
      "65. 1184 - 1200\n",
      "66. 1200 - 1220\n",
      "67. 1220 - 1243\n",
      "68. 1243 - 1262\n",
      "69. 1262 - 1276\n",
      "70. 1276 - 1302\n",
      "71. 1302 - 1318\n",
      "72. 1318 - 1334\n",
      "73. 1334 - 1357\n",
      "74. 1357 - 1375\n",
      "75. 1375 - 1385\n",
      "76. 1385 - 1401\n",
      "77. 1401 - 1417\n",
      "78. 1417 - 1434\n",
      "79. 1434 - 1453\n",
      "80. 1453 - 1465\n",
      "81. 1465 - 1490\n",
      "82. 1490 - 1506\n",
      "83. 1506 - 1517\n",
      "84. 1517 - 1540\n",
      "85. 1540 - 1563\n",
      "86. 1563 - 1579\n",
      "87. 1579 - 1591\n",
      "88. 1591 - 1604\n",
      "89. 1604 - 1627\n",
      "90. 1627 - 1652\n",
      "91. 1652 - 1671\n",
      "92. 1671 - 1694\n",
      "93. 1694 - 1713\n",
      "94. 1713 - 1732\n",
      "95. 1732 - 1757\n",
      "96. 1757 - 1775\n",
      "97. 1775 - 1788\n",
      "98. 1788 - 1803\n",
      "99. 1803 - 1819\n",
      "100. 1819 - 1842\n",
      "101. 1842 - 1868\n",
      "102. 1868 - 1887\n",
      "103. 1887 - 1910\n",
      "104. 1910 - 1927\n",
      "105. 1927 - 1947\n",
      "106. 1947 - 1972\n",
      "107. 1972 - 1991\n",
      "108. 1991 - 2019\n",
      "109. 2019 - 2043\n",
      "110. 2043 - 2054\n",
      "111. 2054 - 2069\n",
      "112. 2069 - 2082\n",
      "113. 2082 - 2098\n",
      "114. 2098 - 2110\n",
      "115. 2110 - 2120\n",
      "116. 2120 - 2141\n",
      "117. 2141 - 2164\n",
      "118. 2164 - 2185\n",
      "119. 2185 - 2198\n",
      "120. 2198 - 2223\n",
      "121. 2223 - 2244\n",
      "122. 2244 - 2261\n",
      "123. 2261 - 2272\n",
      "124. 2272 - 2291\n",
      "125. 2291 - 2311\n",
      "126. 2311 - 2332\n",
      "127. 2332 - 2347\n"
     ]
    }
   ],
   "source": [
    "graph_bound = {}\n",
    "\n",
    "for i in range(len(batch1.ptr)-1):\n",
    "    graph_bound[i] = [batch1.ptr[i].item(), batch1.ptr[i+1].item()]\n",
    "    print(str(i)+\".\", batch1.ptr[i].item(), \"-\", batch1.ptr[i+1].item())"
   ]
  },
  {
   "cell_type": "markdown",
   "metadata": {},
   "source": [
    "Below --> Subgraph extractor with batch information"
   ]
  },
  {
   "cell_type": "code",
   "execution_count": 24,
   "metadata": {},
   "outputs": [
    {
     "name": "stdout",
     "output_type": "stream",
     "text": [
      "=== Graph 0 ===\n",
      "[0, 1, 2, 3, 4, 5, 6, 7, 8, 9, 10, 11, 12, 13, 14, 15, 16]\n",
      "[0 0 0 0 0 0 2 2 2 2 2 1 2 2 1 1 1]\n",
      "{0, 1, 2}\n",
      "communities {0: [0, 1, 2, 3, 4, 5], 2: [6, 7, 8, 9, 10, 12, 13], 1: [11, 14, 15, 16]}\n",
      "embs [tensor([1., 0., 0., 0., 0., 0., 0.]), tensor([1., 0., 0., 0., 0., 0., 0.]), tensor([1., 0., 0., 0., 0., 0., 0.]), tensor([1., 0., 0., 0., 0., 0., 0.]), tensor([1., 0., 0., 0., 0., 0., 0.]), tensor([1., 0., 0., 0., 0., 0., 0.]), tensor([1., 0., 0., 0., 0., 0., 0.]), tensor([1., 0., 0., 0., 0., 0., 0.]), tensor([1., 0., 0., 0., 0., 0., 0.]), tensor([1., 0., 0., 0., 0., 0., 0.]), tensor([1., 0., 0., 0., 0., 0., 0.]), tensor([1., 0., 0., 0., 0., 0., 0.]), tensor([1., 0., 0., 0., 0., 0., 0.]), tensor([1., 0., 0., 0., 0., 0., 0.]), tensor([0., 1., 0., 0., 0., 0., 0.]), tensor([0., 0., 1., 0., 0., 0., 0.]), tensor([0., 0., 1., 0., 0., 0., 0.])]\n"
     ]
    }
   ],
   "source": [
    "# idx_from = 0\n",
    "# idx_to = 0\n",
    "graph_counter = 0\n",
    "graph_bound\n",
    "edge_index = [[],[]]\n",
    "Gs = []\n",
    "\n",
    "from similarity import calculate_similarity_matrix, testt\n",
    "# AP Clustering\n",
    "from sklearn.cluster import AffinityPropagation\n",
    "\n",
    "print(f'=== Graph {graph_counter} ===')\n",
    "for i, (src, dst) in enumerate(zip(batch1.edge_index[0], batch1.edge_index[1])):\n",
    "    # if (graph_counter < len(batch1.ptr)):\n",
    "    lower_bound = graph_bound[graph_counter][0]\n",
    "    upper_bound = graph_bound[graph_counter][1]\n",
    "    if ((src >= lower_bound and src < upper_bound) or\n",
    "        (dst >= lower_bound and dst < upper_bound)):\n",
    "        # print(i,src.item()-lower_bound, dst.item()-lower_bound)\n",
    "        edge_index[0].append(src - lower_bound)\n",
    "        edge_index[1].append(dst - lower_bound)\n",
    "    else:\n",
    "        # print(edge_index)\n",
    "        embs = []\n",
    "        # make new graph\n",
    "        for i, (b, emb) in enumerate(zip(batch1.batch, batch1.x)):\n",
    "            if (b == graph_counter):\n",
    "                # print(i, emb)\n",
    "                embs.append(emb)\n",
    "        \n",
    "        G = data_transformation(edge_index, embs)\n",
    "        Gs.append(G)\n",
    "        print(sorted(list(G.nodes)))\n",
    "        # print('pre', precalc_shortest_path_length)\n",
    "        # for node in sorted(list(G.nodes)):\n",
    "        #     print(G.nodes[node])\n",
    "        \n",
    "        \n",
    "        # testt()\n",
    "        if graph_counter == 10:\n",
    "            print('masalah disini bro')\n",
    "            break\n",
    "        \n",
    "        # Calculate S matrix\n",
    "        S = calculate_similarity_matrix(G)\n",
    "        \n",
    "        # AP Clustering\n",
    "        clustering = AffinityPropagation(affinity='precomputed', damping=0.9, random_state=123, max_iter=1000).fit(S)\n",
    "\n",
    "        print(clustering.labels_)\n",
    "        # print(clustering.)\n",
    "        \n",
    "        communities = {}\n",
    "        print(set(clustering.labels_))\n",
    "        # communities init\n",
    "        for lab in clustering.labels_:\n",
    "            communities[lab] = []\n",
    "        \n",
    "        for nd, clust in enumerate(clustering.labels_):\n",
    "            communities[clust].append(nd)\n",
    "        print(\"communities\", communities) \n",
    "            \n",
    "        edge_index = [[],[]]\n",
    "        graph_counter+=1\n",
    "        print(\"embs\",embs)\n",
    "        # print(S)\n",
    "        break\n",
    "        print(f'=== Graph {graph_counter} ===')\n",
    "        \n",
    "    if i == len(batch1.edge_index[0]) - 1:\n",
    "        embs = []\n",
    "        # make new graph\n",
    "        for i, (b, emb) in enumerate(zip(batch1.batch, batch1.x)):\n",
    "            if (b == graph_counter):\n",
    "                # print(i, emb)\n",
    "                embs.append(emb)\n",
    "        \n",
    "        G = data_transformation(edge_index, embs)\n",
    "        Gs.append(G)\n",
    "        \n",
    "        S = calculate_similarity_matrix(G)\n",
    "        # AP Clustering        \n",
    "        clustering = AffinityPropagation(affinity='precomputed', damping=0.9, random_state=123, max_iter=1000).fit(S)\n",
    "        \n",
    "        print(sorted(list(G.nodes)))\n",
    "        print(clustering.labels_)\n",
    "        \n",
    "        # print(edge_index)\n",
    "        print('udh di akhir')"
   ]
  },
  {
   "cell_type": "code",
   "execution_count": 25,
   "metadata": {},
   "outputs": [
    {
     "data": {
      "text/plain": [
       "array([0, 0, 0, 0, 0, 0, 2, 2, 2, 2, 2, 1, 2, 2, 1, 1, 1], dtype=int64)"
      ]
     },
     "execution_count": 25,
     "metadata": {},
     "output_type": "execute_result"
    }
   ],
   "source": [
    "clustering = AffinityPropagation(affinity='precomputed', damping=0.7, random_state=42, convergence_iter=15, max_iter=1000)\n",
    "clustering.fit(S)\n",
    "clustering.labels_\n",
    "# clustering."
   ]
  },
  {
   "cell_type": "code",
   "execution_count": 26,
   "metadata": {},
   "outputs": [],
   "source": [
    "s = [\n",
    "[\n",
    "0.8,\n",
    "994.158268226589,\n",
    "7.9207682265892885,\n",
    "101.35826822658926,\n",
    "561.9082682265891,\n",
    "1.12076822658929,\n",
    "10.80680355293715,\n",
    "8.106803552937151,\n",
    "73933.09430355292,\n",
    "720.1082682265892,\n",
    "35.22076822658928,\n",
    "177.12076822658926,\n",
    "572.5582682265891,\n",
    "88.30826822658926,\n",
    "423.30826822658923,\n",
    "16.308268226589284,\n",
    "],\n",
    "[\n",
    "994.158268226589,\n",
    "0.8,\n",
    "59.80680355293714,\n",
    "159.72076822658926,\n",
    "96.90826822658927,\n",
    "110.55826822658926,\n",
    "120.15826822658926,\n",
    "13.720768226589287,\n",
    "68123.92242855292,\n",
    "556.6207682265892,\n",
    "177.12076822658926,\n",
    "567.406803552937,\n",
    "8.558268226589288,\n",
    "414.1582682265892,\n",
    "744.3082682265891,\n",
    "101.54430355293712,\n",
    "],\n",
    "[\n",
    "7.9207682265892885,\n",
    "59.80680355293714,\n",
    "0.8,\n",
    "1575.4207682265887,\n",
    "11.358268226589288,\n",
    "13.720768226589287,\n",
    "36.55826822658928,\n",
    "409.62076822658923,\n",
    "93229.80680355291,\n",
    "561.9082682265891,\n",
    "561.9082682265891,\n",
    "99.30680355293713,\n",
    "48.15826822658928,\n",
    "423.30826822658923,\n",
    "296.55826822658923,\n",
    "525.6068035529371,\n",
    "],\n",
    "[\n",
    "101.35826822658926,\n",
    "159.72076822658926,\n",
    "1575.4207682265887,\n",
    "0.8,\n",
    "1411.3082682265888,\n",
    "541.094303552937,\n",
    "400.62076822658923,\n",
    "270.22076822658926,\n",
    "69738.34430355292,\n",
    "13.90680355293715,\n",
    "1411.3082682265888,\n",
    "2553.9082682265885,\n",
    "9.908268226589287,\n",
    "702.406803552937,\n",
    "285.12076822658923,\n",
    "165.42076822658927,\n",
    "],\n",
    "[\n",
    "561.9082682265891,\n",
    "96.90826822658927,\n",
    "11.358268226589288,\n",
    "1411.3082682265888,\n",
    "0.8,\n",
    "180.10826822658927,\n",
    "56.22076822658928,\n",
    "0.72076822658929,\n",
    "81409.09430355292,\n",
    "556.6207682265892,\n",
    "0.49430355293715383,\n",
    "51.30826822658928,\n",
    "42.34430355293714,\n",
    "1377.908268226589,\n",
    "7.4943035529371524,\n",
    "891.2207682265891,\n",
    "],\n",
    "[\n",
    "1.12076822658929,\n",
    "110.55826822658926,\n",
    "13.720768226589287,\n",
    "541.094303552937,\n",
    "180.10826822658927,\n",
    "0.8,\n",
    "54.55826822658928,\n",
    "738.2207682265891,\n",
    "77937.90680355292,\n",
    "49.90680355293714,\n",
    "96.90826822658927,\n",
    "409.62076822658923,\n",
    "304.30826822658923,\n",
    "39.49430355293714,\n",
    "195.42076822658925,\n",
    "0.15826822658929016,\n",
    "],\n",
    "[\n",
    "10.80680355293715,\n",
    "120.15826822658926,\n",
    "36.55826822658928,\n",
    "400.62076822658923,\n",
    "56.22076822658928,\n",
    "54.55826822658928,\n",
    "0.8,\n",
    "97.09430355293713,\n",
    "68416.04742855292,\n",
    "316.12076822658923,\n",
    "405.1082682265892,\n",
    "262.92076822658925,\n",
    "13.720768226589287,\n",
    "6.720768226589289,\n",
    "51.30826822658928,\n",
    "94.72076822658927,\n",
    "],\n",
    "[\n",
    "8.106803552937151,\n",
    "13.720768226589287,\n",
    "409.62076822658923,\n",
    "270.22076822658926,\n",
    "0.72076822658929,\n",
    "738.2207682265891,\n",
    "97.09430355293713,\n",
    "0.8,\n",
    "77128.49430355291,\n",
    "40.72076822658928,\n",
    "195.42076822658925,\n",
    "427.9207682265892,\n",
    "2184.158268226589,\n",
    "690.4207682265892,\n",
    "37.92076822658928,\n",
    "12.908268226589287,\n",
    "],\n",
    "[\n",
    "73933.09430355292,\n",
    "68123.92242855292,\n",
    "93229.80680355291,\n",
    "69738.34430355292,\n",
    "81409.09430355292,\n",
    "77937.90680355292,\n",
    "68416.04742855292,\n",
    "77128.49430355291,\n",
    "0.8,\n",
    "77626.09430355292,\n",
    "81409.09430355292,\n",
    "77377.09430355292,\n",
    "67832.42242855292,\n",
    "69915.60680355292,\n",
    "72390.82242855291,\n",
    "70033.90680355292,\n",
    "],\n",
    "[\n",
    "720.1082682265892,\n",
    "556.6207682265892,\n",
    "561.9082682265891,\n",
    "13.90680355293715,\n",
    "556.6207682265892,\n",
    "49.90680355293714,\n",
    "316.12076822658923,\n",
    "40.72076822658928,\n",
    "77626.09430355292,\n",
    "0.8,\n",
    "583.3082682265891,\n",
    "99.12076822658926,\n",
    "42.15826822658928,\n",
    "103.80680355293713,\n",
    "540.9082682265891,\n",
    "234.72076822658926,\n",
    "],\n",
    "[\n",
    "35.22076822658928,\n",
    "177.12076822658926,\n",
    "561.9082682265891,\n",
    "1411.3082682265888,\n",
    "0.49430355293715383,\n",
    "96.90826822658927,\n",
    "405.1082682265892,\n",
    "195.42076822658925,\n",
    "81409.09430355292,\n",
    "583.3082682265891,\n",
    "0.8,\n",
    "208.12076822658926,\n",
    "270.4068035529371,\n",
    "177.12076822658926,\n",
    "97.09430355293713,\n",
    "159.72076822658926,\n",
    "],\n",
    "[\n",
    "177.12076822658926,\n",
    "567.406803552937,\n",
    "99.30680355293713,\n",
    "2553.9082682265885,\n",
    "51.30826822658928,\n",
    "409.62076822658923,\n",
    "262.92076822658925,\n",
    "427.9207682265892,\n",
    "77377.09430355292,\n",
    "99.12076822658926,\n",
    "208.12076822658926,\n",
    "0.8,\n",
    "374.2207682265892,\n",
    "270.22076822658926,\n",
    "94.72076822658927,\n",
    "904.806803552937,\n",
    "],\n",
    "[\n",
    "572.5582682265891,\n",
    "8.558268226589288,\n",
    "48.15826822658928,\n",
    "9.908268226589287,\n",
    "42.34430355293714,\n",
    "304.30826822658923,\n",
    "13.720768226589287,\n",
    "2184.158268226589,\n",
    "67832.42242855292,\n",
    "42.15826822658928,\n",
    "270.4068035529371,\n",
    "374.2207682265892,\n",
    "0.8,\n",
    "0.3082682265892901,\n",
    "1702.3068035529368,\n",
    "37.92076822658928,\n",
    "],\n",
    "[\n",
    "88.30826822658926,\n",
    "414.1582682265892,\n",
    "423.30826822658923,\n",
    "702.406803552937,\n",
    "1377.908268226589,\n",
    "39.49430355293714,\n",
    "6.720768226589289,\n",
    "690.4207682265892,\n",
    "69915.60680355292,\n",
    "103.80680355293713,\n",
    "177.12076822658926,\n",
    "270.22076822658926,\n",
    "0.3082682265892901,\n",
    "0.8,\n",
    "10.620768226589288,\n",
    "1702.1207682265888,\n",
    "],\n",
    "[\n",
    "423.30826822658923,\n",
    "744.3082682265891,\n",
    "296.55826822658923,\n",
    "285.12076822658923,\n",
    "7.4943035529371524,\n",
    "195.42076822658925,\n",
    "51.30826822658928,\n",
    "37.92076822658928,\n",
    "72390.82242855291,\n",
    "540.9082682265891,\n",
    "97.09430355293713,\n",
    "94.72076822658927,\n",
    "1702.3068035529368,\n",
    "10.620768226589288,\n",
    "0.8,\n",
    "9.908268226589287,\n",
    "],\n",
    "[\n",
    "16.308268226589284,\n",
    "101.54430355293712,\n",
    "525.6068035529371,\n",
    "165.42076822658927,\n",
    "891.2207682265891,\n",
    "0.15826822658929016,\n",
    "94.72076822658927,\n",
    "12.908268226589287,\n",
    "70033.90680355292,\n",
    "234.72076822658926,\n",
    "159.72076822658926,\n",
    "904.806803552937,\n",
    "37.92076822658928,\n",
    "1702.1207682265888,\n",
    "9.908268226589287,\n",
    "0.8,\n",
    "],\n",
    "]"
   ]
  },
  {
   "cell_type": "code",
   "execution_count": 27,
   "metadata": {},
   "outputs": [
    {
     "name": "stdout",
     "output_type": "stream",
     "text": [
      "[[8.00000000e-01 1.04474286e+01 8.55826823e+00 1.03399180e+04\n",
      "  1.09045583e+04 6.30297429e+02 1.18867955e+02 2.08027153e+02\n",
      "  4.65178904e+01 4.56027153e+02 1.16335154e+01 1.20144830e+01\n",
      "  1.16288545e+01 1.20144830e+01 2.68370102e-04 9.87278433e-05\n",
      "  9.87278433e-05]\n",
      " [1.04474286e+01 8.00000000e-01 9.83797429e+02 8.88322077e+03\n",
      "  5.33831795e+03 4.23308268e+02 1.27152511e-01 5.28178904e+01\n",
      "  1.12827153e+02 1.22465233e+03 1.98464653e+02 5.39035760e-03\n",
      "  1.20144830e+01 1.78903576e-02 1.16288545e+01 2.68370102e-04\n",
      "  2.68370102e-04]\n",
      " [8.55826823e+00 9.83797429e+02 8.00000000e-01 1.56662974e+04\n",
      "  5.46162077e+03 6.64167955e+02 4.46552330e+02 1.46525111e-02\n",
      "  1.16679547e+01 7.87620768e+02 4.89829655e-01 1.98464653e+02\n",
      "  2.98383515e+02 1.12827153e+02 1.20144830e+01 7.29505572e-04\n",
      "  4.65132295e+01]\n",
      " [1.03399180e+04 8.88322077e+03 1.56662974e+04 8.00000000e-01\n",
      "  4.23434430e+03 1.06031208e+04 1.88190827e+03 3.46567955e+02\n",
      "  1.04412077e+03 9.16724286e+01 1.37790827e+03 8.98296547e-02\n",
      "  2.11152715e+03 1.49179547e+01 1.73911789e+03 1.08114483e+02\n",
      "  4.80519830e+01]\n",
      " [1.09045583e+04 5.33831795e+03 5.46162077e+03 4.23434430e+03\n",
      "  8.00000000e-01 1.10335474e+04 4.75890680e+03 1.33672077e+03\n",
      "  6.84898297e+01 4.21582682e+01 6.13317955e+02 5.99527153e+02\n",
      "  9.69533515e+02 1.86064653e+02 1.92201983e+02 7.29505572e-04\n",
      "  1.04653855e+02]\n",
      " [6.30297429e+02 4.23308268e+02 6.64167955e+02 1.06031208e+04\n",
      "  1.10335474e+04 8.00000000e-01 8.00220768e+02 1.26408983e+03\n",
      "  4.46527153e+02 9.57429547e+01 1.20271525e+01 1.24085154e+01\n",
      "  1.20144830e+01 5.53903576e-02 4.65132295e+01 2.68370102e-04\n",
